qt by scale and promote threshold. viable = scrap<=50 and WIP slope < +5/day.

--- scale 10 ---
  frac seed   lots  lots/d  on-time      tard   scrap  WIP end  slope/d
  1.00    0   5095    56.6   99.41%      14.4       0     2219     +4.8
  1.00    1   5049    56.1   97.90%      58.7       0     2169     -2.2
  1.00    2   5260    58.4   87.00%     555.8       0     2134     -2.1
  1.00    3   5072    56.4   99.35%      22.8       0     2157     -0.6
  1.00    4   5092    56.6   87.96%     661.2       0     2227     -1.6

--- scale 8 ---
  frac seed   lots  lots/d  on-time      tard   scrap  WIP end  slope/d
  0.25    0   5267    58.5   94.91%      85.6       0     2098     -2.3
  0.25    1   5031    55.9   97.87%      24.8       0     2191     +1.0
  0.25    2   5212    57.9   80.78%     922.2       0     2111     -5.7
  0.25    3   5180    57.6   99.52%       8.8       0     2080     -2.2
  0.25    4   5233    58.1   99.71%       5.3       0     2083     -0.7

  0.50    0   5011    55.7   97.13%      41.4       0     2218     +3.3
  0.50    1   5160    57.3   99.69%      10.2       0     2131     -2.8
  0.50    2   5213    57.9   84.00%     909.7       0     2140     -3.9
  0.50    3   5103    56.7   99.80%       2.9       0     2130     +1.8
  0.50    4   5192    57.7   95.26%      62.6       0     2179     -0.0

--- scale 5 ---
  frac seed   lots  lots/d  on-time      tard   scrap  WIP end  slope/d
  0.25    0   1853    20.6   92.93%    1359.7     456     4963    +31.4
  0.25    1   1879    20.9   92.50%    1310.4     459     5072    +31.4
  0.25    2   5139    57.1   77.37%     464.0       1     2200     +0.1
  0.25    3   2914    32.4   80.99%    1384.0     438     4080    +33.7
  0.25    4   4621    51.3   93.18%    1526.5     270     2490    +23.5

  0.50    0   2491    27.7   85.47%    9382.2     494     4497    +25.8
  0.50    1   5264    58.5   97.78%      41.1       1     2069     -2.1
  0.50    2   5152    57.2   90.53%     227.3       0     2189     +5.4
  0.50    3   5127    57.0   73.38%    1170.3       0     2186     -1.2
  0.50    4   2124    23.6   94.07%    1531.9     885     4661    +21.6

  1.00    0   3615    40.2   89.60%    1647.0     281     3432    +26.3
  1.00    1   2412    26.8   96.10%     452.1     325     4606    +32.7
  1.00    2   2404    26.7   94.80%    1023.0     347     4571    +28.2
  1.00    3   5138    57.1   81.00%     724.2       0     2220     +2.7
  1.00    4   5040    56.0   83.21%     479.4       0     2276     -1.0

--- scale 3 ---
  frac seed   lots  lots/d  on-time      tard   scrap  WIP end  slope/d
  0.25    0   1730    19.2   93.58%    2844.0     538     6683    +32.5
  0.25    1   1729    19.2   93.81%    2809.6     574     6765    +32.4
  0.25    2   1696    18.8   96.11%    1156.9     526     6720    +33.1
  0.25    3   1711    19.0   94.68%    1608.1     494     6784    +32.5
  0.25    4   1723    19.1   94.08%    2135.9     511     6673    +30.9

  0.50    0   1922    21.4   94.59%    1201.3     434     6702    +32.8
  0.50    1   1873    20.8   94.61%    1793.4     504     6550    +32.3
  0.50    2   1806    20.1   94.46%    1396.1     468     6207    +33.4
  0.50    3   1995    22.2   93.48%    2008.4     560     6095    +31.4
  0.50    4   1954    21.7   94.37%    1602.8     443     6571    +31.8

  1.00    0   2031    22.6   96.01%    1318.5     871     5128    +21.6
  1.00    1   2141    23.8   94.16%    2820.4     407     6316    +26.7
  1.00    2   2371    26.3   94.18%    2084.8     424     5655    +24.5
  1.00    3   2181    24.2   86.98%    8861.4     605     5518    +28.4
  1.00    4   2053    22.8   95.81%     600.9     406     6262    +28.9


===== viability: all five seeds must hold =====
scale   frac  seeds viable  max scrap   max slope  mean lots/d  mean on-time  mean tard  verdict
   10   1.00            5/5          0         4.8         56.8        94.32%      262.6  VIABLE (all 5)
    8   0.25            5/5          0         1.0         57.6        94.56%      209.3  VIABLE (all 5)
    8   0.50            5/5          0         3.3         57.1        95.18%      205.3  VIABLE (all 5)
    5   0.25            1/5        459        33.7         36.5        87.39%     1208.9  BIFURCATES (1/5)
    5   0.50            2/5        885        25.8         44.8        88.25%     2470.6  BIFURCATES (2/5)
    5   1.00            2/5        347        32.7         41.4        88.94%      865.1  BIFURCATES (2/5)
    3   0.25            0/5        574        33.1         19.1        94.45%     2110.9  COLLAPSES
    3   0.50            0/5        560        33.4         21.2        94.30%     1600.4  COLLAPSES
    3   1.00            0/5        871        28.9         23.9        93.43%     3137.2  COLLAPSES
