
===== qt =====
scale seed   lots    CT d  on-time      tard   scrap     viol   WIP0   WIP1  slope/d   util
   10    0   5095   36.80   99.41%      14.4       0       27   2172   2219     +4.8   80.5
   10    1   5049   37.73   97.90%      58.7       0       38   2076   2169     -2.2   80.6
   10    2   5260   38.05   87.00%     555.8       0       25   2253   2134     -2.1   81.0
   10    3   5072   36.43   99.35%      22.8       0       18   2088   2157     -0.6   80.8
   10    4   5092   37.62   87.96%     661.2       0       27   2179   2227     -1.6   81.2

    5    0   3615   33.45   89.60%    1647.0     281     3706   2187   3432    +26.3   64.7
    5    1   2412   26.74   96.10%     452.1     325     3884   2203   4606    +32.7   58.1
    5    2   2404   27.05   94.80%    1023.0     347     4089   2182   4571    +28.2   56.7
    5    3   5138   38.37   81.00%     724.2       0      397   2213   2220     +2.7   81.0
    5    4   5040   37.78   83.21%     479.4       0      527   2176   2276     -1.0   81.1

    3    0   2031   25.60   96.01%    1318.5     871     6159   2890   5128    +21.6   55.7
    3    1   2141   26.42   94.16%    2820.4     407     4469   3724   6316    +26.7   56.5
    3    2   2371   26.74   94.18%    2084.8     424     4683   3310   5655    +24.5   58.3
    3    3   2181   31.57   86.98%    8861.4     605     4764   3158   5518    +28.4   57.4
    3    4   2053   24.42   95.81%     600.9     406     4772   3580   6262    +28.9   55.7

    2    0   1959   27.48   91.17%    4045.4     678     5623   3561   6064    +26.3   55.5
    2    1   2089   24.34   96.51%     581.1     497     5068   3921   6475    +29.7   56.0
    2    2   2145   26.17   95.34%    2685.2     537     5676   3883   6341    +28.8   56.9
    2    3   2249   25.67   95.46%    1174.3     516     5515   3878   6254    +27.5   58.3
    2    4   2197   28.96   92.49%    5034.5     665     5700   3675   5956    +21.3   57.7

    1    0   1895   25.26   97.31%     628.8    1142     8285   3090   5197    +22.7   56.6
    1    1   1918   29.34   79.56%    4870.5    1400     8887   3371   5195    +22.4   56.4
    1    2   1997   24.68   98.45%     384.1    1267     8468   3279   5155    +18.3   56.9
    1    3   1861   25.11   94.68%    1384.3    1153     8387   3399   5525    +21.5   56.1
    1    4   1844   25.81   93.87%    1450.8    1213     8317   3113   5196    +24.2   56.4


===== cr =====
scale seed   lots    CT d  on-time      tard   scrap     viol   WIP0   WIP1  slope/d   util
   10    0   4400   41.38   44.52%   13528.8      29     4712   2172   2883    +10.2   79.9
   10    1   4489   39.26   65.78%    4719.9     110     5920   2077   2623    +10.4   79.7
   10    2   4678   39.64   59.73%    5294.2      97     5526   2254   2619     +8.9   80.3
   10    3   4703   38.22   77.67%    2286.5      58     5598   2088   2468     +9.0   79.9
   10    4   4510   40.79   53.92%   10143.7      71     5564   2179   2738     +8.9   80.1

    5    0   3875   39.06   55.46%    7114.7     717     8704   2187   2736    +12.7   73.9
    5    1   3723   43.60   51.92%   38671.4      67     3439   2203   3553    +16.0   69.5
    5    2   3587   42.52   51.94%   31820.5      86     4597   2182   3649    +20.2   67.6
    5    3   4029   38.69   56.66%    9804.1     590     8300   2215   2737    +14.4   74.2
    5    4   3990   41.00   39.47%   10982.4     525    10207   2176   2804    +11.3   78.0

    3    0   3412   56.19   43.02%   77088.7     699     7024   2890   3920    +11.2   68.4
    3    1   3076   63.21   53.67%   99080.4     399     5966   3724   5389    +18.1   65.1
    3    2   3030   55.72   56.60%   75712.0     446     5676   3310   4974    +21.6   64.7
    3    3   3441   62.43   40.28%   97294.9     564     7353   3158   4297     +8.8   69.5
    3    4   3088   64.26   51.91%  102217.8     371     4471   3580   5262    +16.8   66.3

    2    0   3053   65.67   50.28%  102394.6     898     8825   3561   4753     +8.0   65.7
    2    1   2741   59.43   61.11%   83667.0     644     6559   3921   5676    +18.5   62.4
    2    2   2764   61.26   60.13%   86594.8     724     7804   3883   5535    +19.3   63.3
    2    3   2809   59.50   61.94%   83485.0     658     8603   3878   5552    +18.4   63.7
    2    4   3053   66.68   53.68%  106016.3     827     7934   3675   4938    +11.9   66.9

    1    0   2200   42.70   71.55%   34046.6    1968    12006   3090   4066     +7.5   60.5
    1    1   2183   42.51   73.48%   35110.2    1815    11446   3371   4515    +13.2   59.9
    1    2   2181   44.43   73.36%   37772.8    1811    11456   3279   4427     +9.4   60.1
    1    3   2147   44.47   72.71%   37420.2    1970    11257   3399   4422    +10.8   59.5
    1    4   1995   38.67   76.59%   24690.0    2020    11847   3113   4238     +9.2   58.7


===== viability by scale (qt) =====
scale  max|slope|/d  max scrap  min on-time  mean lots/d  verdict
   10           4.8          0       87.00%         56.8  VIABLE
    5          32.7        347       81.00%         41.4  DIVERGING
    3          28.9        871       86.98%         23.9  DIVERGING
    2          29.7        678       91.17%         23.6  DIVERGING
    1          24.2       1400       79.56%         21.1  DIVERGING

===== qt vs cr, per scale (mean over seeds) =====
scale  qt on-time  cr on-time     gap  qt scrap  cr scrap  qt lots  cr lots
   10      94.32%      60.32%  +34.00         0        73     5114     4556
    5      88.94%      51.09%  +37.85       191       397     3722     3841
    3      93.43%      49.10%  +44.33       543       496     2155     3209
    2      94.19%      57.43%  +36.77       579       750     2128     2884
    1      92.77%      73.54%  +19.24      1235      1917     1903     2141
